    -1.998000000000000e+02                         0
    -1.898000000000000e+02     4.297551000000000e-07
    -1.798000000000000e+02     1.111952000000000e-06
    -1.698000000000000e+02     2.097689000000000e-06
    -1.598000000000000e+02     3.485635000000000e-06
    -1.498000000000000e+02     5.425131000000001e-06
    -1.398000000000000e+02     8.140337000000000e-06
    -1.298000000000000e+02     1.197338000000000e-05
    -1.198000000000000e+02     1.746013000000000e-05
    -1.098000000000000e+02     2.546761000000000e-05
    -9.980000000000000e+01     3.745485000000000e-05
    -8.980000000000001e+01     5.599641000000000e-05
    -7.980000000000000e+01     8.590725000000001e-05
    -6.980000000000000e+01     1.368710000000000e-04
    -5.980000000000000e+01     2.302714000000000e-04
    -4.980000000000000e+01     4.196230000000000e-04
    -3.980000000000000e+01     8.648484000000000e-04
    -2.980000000000000e+01     2.195735000000000e-03
    -1.980000000000000e+01     8.560573000000000e-03
    -9.799999999999999e+00     2.037244000000000e-01
    -8.574999999999999e+00     6.381168000000000e-01
    -7.962500000000001e+00     3.095657000000000e+00
    -7.809375000000000e+00     1.239951000000000e+01
    -7.791126000000000e+00     1.778519000000000e+01
    -7.782001000000000e+00     2.212054000000000e+01
    -7.779720000000000e+00     2.344672000000000e+01
    -7.778579000000000e+00     2.414972000000000e+01
    -7.778009000000000e+00     2.451130000000000e+01
    -7.777724000000000e+00     2.469461000000000e+01
    -7.777705999999999e+00     2.470612000000000e+01
    -7.777697000000000e+00     2.471188000000000e+01
    -7.777696000000000e+00     2.471260000000000e+01
    -7.777696000000000e+00     2.471269000000000e+01
    -7.777696000000000e+00     2.471274000000000e+01
    -7.777696000000000e+00     2.471283000000000e+01
    -7.777695000000001e+00     2.471301000000000e+01
    -7.777695000000001e+00     2.471337000000000e+01
    -7.777694000000000e+00     2.471409000000000e+01
    -7.777692000000000e+00     2.471553000000000e+01
    -7.777687000000000e+00     2.471841000000000e+01
    -7.777678000000000e+00     2.472417000000000e+01
    -7.777660000000000e+00     2.473569000000000e+01
    -7.777625000000000e+00     2.475875000000000e+01
    -7.777553000000000e+00     2.480490000000000e+01
    -7.777411000000000e+00     2.489734000000000e+01
    -7.777126000000000e+00     2.508278000000000e+01
    -7.776555000000000e+00     2.545597000000000e+01
    -7.775415000000000e+00     2.621163000000000e+01
    -7.773134000000000e+00     2.776107000000000e+01
    -7.768571000000001e+00     3.102059000000000e+01
    -7.759447000000000e+00     3.825033000000000e+01
    -7.749447000000000e+00     4.742148000000000e+01
    -7.739447000000000e+00     5.807780000000000e+01
    -7.734447000000000e+00     6.399028000000000e+01
    -7.731947000000000e+00     6.708752000000000e+01
    -7.731634000000001e+00     6.748095000000001e+01
    -7.731478000000000e+00     6.767816999999999e+01
    -7.731458000000000e+00     6.770285000000000e+01
    -7.731457000000000e+00     6.770439000000000e+01
    -7.731457000000000e+00     6.770516000000001e+01
    -7.731455000000000e+00     6.770671000000000e+01
    -7.731453000000000e+00     6.770979000000000e+01
    -7.731448000000000e+00     6.771596000000000e+01
    -7.731438000000000e+00     6.772830000000000e+01
    -7.731419000000000e+00     6.775299000000000e+01
    -7.731380000000001e+00     6.780235999999999e+01
    -7.731302000000000e+00     6.790114000000000e+01
    -7.731145000000000e+00     6.809884000000000e+01
    -7.730833000000001e+00     6.849473999999999e+01
    -7.730207999999999e+00     6.928841000000000e+01
    -7.728958000000000e+00     7.088265000000000e+01
    -7.726458000000000e+00     7.409526000000000e+01
    -7.721674000000000e+00     8.031538000000001e+01
    -7.715964000000000e+00     8.782640000000001e+01
    -7.710255000000000e+00     9.539080000000000e+01
    -7.698836000000000e+00     1.105152000000000e+02
    -7.687417000000000e+00     1.253738000000000e+02
    -7.675998000000000e+00     1.396708000000000e+02
    -7.664579000000001e+00     1.531373000000000e+02
    -7.653160000000000e+00     1.655468000000000e+02
    -7.641741000000000e+00     1.767313000000000e+02
    -7.630322000000001e+00     1.865930000000000e+02
    -7.618903000000000e+00     1.951070000000000e+02
    -7.596065000000000e+00     2.083113000000000e+02
    -7.580342000000000e+00     2.148267000000000e+02
    -7.564619000000000e+00     2.196713000000000e+02
    -7.533173000000000e+00     2.257877000000000e+02
    -7.509944000000000e+00     2.283470000000000e+02
    -7.463486000000001e+00     2.309948000000000e+02
    -7.414402000000000e+00     2.322868000000000e+02
    -7.365319000000000e+00     2.330868000000000e+02
    -7.316235000000000e+00     2.337417000000000e+02
    -7.218067000000000e+00     2.349700000000000e+02
    -7.118067000000000e+00     2.362348000000000e+02
    -7.018067000000000e+00     2.375354000000000e+02
    -6.918067000000000e+00     2.388746000000000e+02
    -6.818067000000000e+00     2.402548000000000e+02
    -6.718067000000001e+00     2.416969000000000e+02
    -6.618067000000000e+00     2.434684000000000e+02
    -6.568067000000000e+00     2.451123000000000e+02
    -6.561817000000001e+00     2.454249000000000e+02
    -6.560254000000000e+00     2.455089000000000e+02
    -6.560059000000000e+00     2.455196000000000e+02
    -6.559961000000000e+00     2.455204000000000e+02
    -6.559766000000000e+00     2.455233000000000e+02
    -6.559375000000000e+00     2.455292000000000e+02
    -6.558594000000000e+00     2.455410000000000e+02
    -6.557030999999999e+00     2.455646000000000e+02
    -6.553906000000000e+00     2.456117000000000e+02
    -6.547656000000000e+00     2.457062000000000e+02
    -6.535156000000001e+00     2.458956000000000e+02
    -6.510155999999999e+00     2.462763000000000e+02
    -6.460156000000000e+00     2.470453000000000e+02
    -6.360156000000000e+00     2.486141000000000e+02
    -6.260156000000000e+00     2.502242000000000e+02
    -6.160156000000000e+00     2.518760000000000e+02
    -6.060156000000000e+00     2.535698000000000e+02
    -5.960156000000001e+00     2.553060000000000e+02
    -5.860156000000000e+00     2.570847000000000e+02
    -5.760155999999999e+00     2.589063000000000e+02
    -5.660156000000001e+00     2.607712000000000e+02
    -5.560156000000000e+00     2.626796000000000e+02
    -5.460156000000000e+00     2.646316000000000e+02
    -5.360156000000000e+00     2.666277000000000e+02
    -5.260156000000000e+00     2.686680000000000e+02
    -5.160156000000000e+00     2.707528000000000e+02
    -5.060156000000000e+00     2.728823000000000e+02
    -4.960156000000001e+00     2.750565000000000e+02
    -4.860156000000000e+00     2.772758000000000e+02
    -4.760155999999999e+00     2.795403000000000e+02
    -4.660156000000001e+00     2.818502000000000e+02
    -4.560156000000000e+00     2.842055000000000e+02
    -4.460156000000000e+00     2.866063000000000e+02
    -4.360156000000000e+00     2.890528000000000e+02
    -4.260156000000000e+00     2.915450000000000e+02
    -4.160156000000000e+00     2.940830000000000e+02
    -4.060156000000000e+00     2.966668000000000e+02
    -3.960156000000001e+00     2.992964000000000e+02
    -3.860156000000000e+00     3.019718000000000e+02
    -3.760156000000000e+00     3.046929000000000e+02
    -3.660156000000000e+00     3.074598000000000e+02
    -3.560156000000000e+00     3.102723000000000e+02
    -3.460156000000000e+00     3.131303000000000e+02
    -3.360156000000000e+00     3.160337000000000e+02
    -3.260156000000000e+00     3.189824000000000e+02
    -3.160156000000000e+00     3.219762000000000e+02
    -3.060156000000000e+00     3.250148000000000e+02
    -2.960156000000000e+00     3.280982000000000e+02
    -2.860156000000000e+00     3.312259000000000e+02
    -2.760156000000000e+00     3.343979000000000e+02
    -2.660156000000000e+00     3.376137000000000e+02
    -2.560156000000000e+00     3.408731000000000e+02
    -2.460156000000000e+00     3.441757000000000e+02
    -2.360156000000000e+00     3.475212000000000e+02
    -2.260156000000000e+00     3.509091000000000e+02
    -2.160156000000000e+00     3.543391000000000e+02
    -2.135156000000000e+00     3.552032000000000e+02
    -2.128906000000000e+00     3.554196000000000e+02
    -2.127344000000000e+00     3.554737000000000e+02
    -2.126563000000000e+00     3.555008000000000e+02
    -2.126172000000000e+00     3.555143000000000e+02
    -2.125781000000000e+00     3.555252000000000e+02
    -2.125318000000000e+00     3.555029000000000e+02
    -2.124392000000000e+00     3.554584000000000e+02
    -2.122540000000000e+00     3.553694000000000e+02
    -2.118836000000000e+00     3.551913000000000e+02
    -2.111428000000000e+00     3.548349000000000e+02
    -2.096611000000000e+00     3.541214000000000e+02
    -2.066978000000000e+00     3.526931000000000e+02
    -2.007711000000000e+00     3.498373000000000e+02
    -1.957711000000000e+00     3.474315000000000e+02
    -1.907711000000000e+00     3.450298000000000e+02
    -1.807711000000000e+00     3.402384000000000e+02
    -1.707711000000000e+00     3.354634000000000e+02
    -1.607711000000000e+00     3.307054000000000e+02
    -1.507711000000000e+00     3.259655000000000e+02
    -1.407711000000000e+00     3.212446000000000e+02
    -1.307711000000000e+00     3.165438000000000e+02
    -1.207711000000000e+00     3.118642000000000e+02
    -1.107711000000000e+00     3.072066000000000e+02
    -1.007711000000000e+00     3.025720000000000e+02
    -9.077108000000000e-01     2.979613000000000e+02
    -8.077108000000000e-01     2.933752000000000e+02
    -7.077108000000000e-01     2.888143000000000e+02
    -6.077108000000000e-01     2.842792000000000e+02
    -5.077108000000000e-01     2.797699000000000e+02
    -4.077108000000000e-01     2.752863000000000e+02
    -3.077108000000000e-01     2.708274000000000e+02
    -2.077108000000000e-01     2.663911000000000e+02
    -1.077108000000000e-01     2.619730000000000e+02
    -7.710768999999999e-03     2.575649000000000e+02
     9.228923000000000e-02     2.531505000000000e+02
     9.233806000000000e-02     2.531483000000000e+02
     9.236247000000000e-02     2.531454000000000e+02
     9.241130000000000e-02     2.531395000000000e+02
     9.250896000000000e-02     2.531278000000000e+02
     9.270427000000001e-02     2.531043000000000e+02
     9.309489999999999e-02     2.530572000000000e+02
     9.387615000000001e-02     2.529624000000000e+02
     9.543865000000000e-02     2.527709000000000e+02
     9.856365000000000e-02     2.523799000000000e+02
     1.048136000000000e-01     2.515656000000000e+02
     1.173136000000000e-01     2.498082000000000e+02
     1.423136000000000e-01     2.457784000000000e+02
     1.923136000000000e-01     2.356590000000000e+02
     2.923136000000000e-01     2.071834000000000e+02
     3.923136000000000e-01     1.677319000000000e+02
     4.923136000000000e-01     1.173140000000000e+02
     5.923136000000000e-01     5.594190000000000e+01
     6.423136000000000e-01     2.115259000000000e+01
     6.673136000000000e-01     2.733009000000000e+00
     6.704386000000000e-01     3.825398000000000e-01
     6.708293000000000e-01     8.798096000000001e-02
     6.709269000000000e-01     1.431519000000000e-02
     6.709391000000000e-01     5.106238999999999e-03
     6.709452000000000e-01     5.017005000000000e-04
     6.709482999999999e-01    -1.800584000000000e-03