-2.00E+02
-1.90E+02
-1.80E+02
-1.70E+02
-1.60E+02
-1.50E+02
-1.40E+02
-1.30E+02
-1.20E+02
-1.10E+02
-9.98E+01
-8.98E+01
-7.98E+01
-6.98E+01
-5.98E+01
-4.98E+01
-3.98E+01
-2.98E+01
-1.98E+01
-9.80E+00
-8.58E+00
-7.96E+00
-7.81E+00
-7.79E+00
-7.78E+00
-7.78E+00
-7.78E+00
-7.78E+00
-7.78E+00
-7.78E+00
-7.78E+00
-7.78E+00
-7.78E+00
-7.78E+00
-7.78E+00
-7.78E+00
-7.78E+00
-7.78E+00
-7.78E+00
-7.78E+00
-7.78E+00
-7.78E+00
-7.78E+00
-7.78E+00
-7.78E+00
-7.78E+00
-7.78E+00
-7.78E+00
-7.77E+00
-7.77E+00
-7.76E+00
-7.75E+00
-7.74E+00
-7.73E+00
-7.73E+00
-7.73E+00
-7.73E+00
-7.73E+00
-7.73E+00
-7.73E+00
-7.73E+00
-7.73E+00
-7.73E+00
-7.73E+00
-7.73E+00
-7.73E+00
-7.73E+00
-7.73E+00
-7.73E+00
-7.73E+00
-7.73E+00
-7.73E+00
-7.72E+00
-7.72E+00
-7.71E+00
-7.70E+00
-7.69E+00
-7.68E+00
-7.66E+00
-7.65E+00
-7.64E+00
-7.63E+00
-7.62E+00
-7.60E+00
-7.58E+00
-7.56E+00
-7.53E+00
-7.51E+00
-7.46E+00
-7.41E+00
-7.37E+00
-7.32E+00
-7.22E+00
-7.12E+00
-7.02E+00
-6.92E+00
-6.82E+00
-6.72E+00
-6.62E+00
-6.57E+00
-6.56E+00
-6.56E+00
-6.56E+00
-6.56E+00
-6.56E+00
-6.56E+00
-6.56E+00
-6.56E+00
-6.55E+00
-6.55E+00
-6.54E+00
-6.51E+00
-6.46E+00
-6.36E+00
-6.26E+00
-6.16E+00
-6.06E+00
-5.96E+00
-5.86E+00
-5.76E+00
-5.66E+00
-5.56E+00
-5.46E+00
-5.36E+00
-5.26E+00
-5.16E+00
-5.06E+00
-4.96E+00
-4.86E+00
-4.76E+00
-4.66E+00
-4.56E+00
-4.46E+00
-4.36E+00
-4.26E+00
-4.16E+00
-4.06E+00
-3.96E+00
-3.86E+00
-3.76E+00
-3.66E+00
-3.56E+00
-3.46E+00
-3.36E+00
-3.26E+00
-3.16E+00
-3.06E+00
-2.96E+00
-2.86E+00
-2.76E+00
-2.66E+00
-2.56E+00
-2.46E+00
-2.36E+00
-2.26E+00
-2.16E+00
-2.14E+00
-2.13E+00
-2.13E+00
-2.13E+00
-2.13E+00
-2.13E+00
-2.13E+00
-2.12E+00
-2.12E+00
-2.12E+00
-2.11E+00
-2.10E+00
-2.07E+00
-2.01E+00
-1.96E+00
-1.91E+00
-1.81E+00
-1.71E+00
-1.61E+00
-1.51E+00
-1.41E+00
-1.31E+00
-1.21E+00
-1.11E+00
-1.01E+00
-9.08E-01
-8.08E-01
-7.08E-01
-6.08E-01
-5.08E-01
-4.08E-01
-3.08E-01
-2.08E-01
-1.08E-01
-7.71E-03
9.23E-02
9.23E-02
9.24E-02
9.24E-02
9.25E-02
9.27E-02
9.31E-02
9.39E-02
9.54E-02
9.86E-02
1.05E-01
1.17E-01
1.42E-01
1.92E-01
2.92E-01
3.92E-01
4.92E-01
5.92E-01
6.42E-01
6.67E-01
6.70E-01
6.71E-01
6.71E-01
6.71E-01
6.71E-01
6.71E-01
