0.00E+00
4.30E-07
1.11E-06
2.10E-06
3.49E-06
5.43E-06
8.14E-06
1.20E-05
1.75E-05
2.55E-05
3.75E-05
5.60E-05
8.59E-05
1.37E-04
2.30E-04
4.20E-04
8.65E-04
2.20E-03
8.56E-03
2.04E-01
6.38E-01
3.10E+00
1.24E+01
1.78E+01
2.21E+01
2.34E+01
2.41E+01
2.45E+01
2.47E+01
2.47E+01
2.47E+01
2.47E+01
2.47E+01
2.47E+01
2.47E+01
2.47E+01
2.47E+01
2.47E+01
2.47E+01
2.48E+01
2.48E+01
2.49E+01
2.50E+01
2.53E+01
2.59E+01
2.72E+01
2.97E+01
3.46E+01
4.45E+01
6.41E+01
1.03E+02
1.47E+02
1.90E+02
2.12E+02
2.23E+02
2.24E+02
2.25E+02
2.25E+02
2.25E+02
2.25E+02
2.25E+02
2.25E+02
2.25E+02
2.25E+02
2.25E+02
2.25E+02
2.25E+02
2.25E+02
2.25E+02
2.25E+02
2.25E+02
2.26E+02
2.27E+02
2.28E+02
2.29E+02
2.30E+02
2.30E+02
2.31E+02
2.31E+02
2.31E+02
2.31E+02
2.32E+02
2.32E+02
2.32E+02
2.32E+02
2.32E+02
2.33E+02
2.33E+02
2.33E+02
2.34E+02
2.35E+02
2.35E+02
2.36E+02
2.38E+02
2.39E+02
2.40E+02
2.42E+02
2.43E+02
2.45E+02
2.45E+02
2.45E+02
2.46E+02
2.46E+02
2.46E+02
2.46E+02
2.46E+02
2.46E+02
2.46E+02
2.46E+02
2.46E+02
2.46E+02
2.46E+02
2.47E+02
2.49E+02
2.50E+02
2.52E+02
2.54E+02
2.55E+02
2.57E+02
2.59E+02
2.61E+02
2.63E+02
2.65E+02
2.67E+02
2.69E+02
2.71E+02
2.73E+02
2.75E+02
2.77E+02
2.80E+02
2.82E+02
2.84E+02
2.87E+02
2.89E+02
2.92E+02
2.94E+02
2.97E+02
2.99E+02
3.02E+02
3.05E+02
3.07E+02
3.10E+02
3.13E+02
3.16E+02
3.19E+02
3.22E+02
3.25E+02
3.28E+02
3.31E+02
3.34E+02
3.38E+02
3.41E+02
3.44E+02
3.48E+02
3.51E+02
3.54E+02
3.55E+02
3.55E+02
3.55E+02
3.56E+02
3.56E+02
3.56E+02
3.56E+02
3.55E+02
3.55E+02
3.55E+02
3.55E+02
3.54E+02
3.53E+02
3.50E+02
3.47E+02
3.45E+02
3.40E+02
3.35E+02
3.31E+02
3.26E+02
3.21E+02
3.17E+02
3.12E+02
3.07E+02
3.03E+02
2.98E+02
2.93E+02
2.89E+02
2.84E+02
2.80E+02
2.75E+02
2.71E+02
2.66E+02
2.62E+02
2.58E+02
2.53E+02
2.53E+02
2.53E+02
2.53E+02
2.53E+02
2.53E+02
2.53E+02
2.53E+02
2.53E+02
2.52E+02
2.52E+02
2.50E+02
2.46E+02
2.36E+02
2.07E+02
1.68E+02
1.17E+02
5.59E+01
2.12E+01
2.73E+00
3.83E-01
8.80E-02
1.43E-02
5.11E-03
5.02E-04